0.00001	46.913630963434755	6.522499945854899e-12	-9.731358481052344e-8
0.000010104300000000008	47.38428155890597	6.798896884989499e-12	-1.0035088020167612e-7
0.000010308399999999996	48.304745242501504	7.36508174607147e-12	-1.064747766483446e-7
0.000010516599999999992	49.242987225642146	7.978349252982645e-12	-1.1297166115138937e-7
0.000010729100000000004	50.199880493572934	8.642989818943065e-12	-1.1986811535622457e-7
0.000010945800000000003	51.17494624518544	9.362680247089521e-12	-1.2718234103200045e-7
0.000011166999999999997	52.16950516959221	1.0142749054408182e-11	-1.3494728363659737e-7
0.000011392499999999993	53.1826286502112	1.0987157866381212e-11	-1.4317996956287595e-7
0.000011622699999999991	54.21608374425618	1.1902469565404909e-11	-1.5192057169599946e-7
0.000011857499999999998	55.26939026509306	1.2893814452574994e-11	-1.6119268173102545e-7
0.000012097000000000006	56.34296591495051	1.3967532745996858e-11	-1.71028875590547e-7
0.000012341400000000009	57.437675140963115	1.513097706903431e-11	-1.8146801073144485e-7
0.000012590699999999998	58.55348522098625	1.6391143471492505e-11	-1.9254261434265281e-7
0.000012845100000000007	59.69125794273334	1.7756624677032515e-11	-2.042960952675996e-7
0.000013104499999999996	60.85051257075612	1.9235045701773345e-11	-2.167601783670212e-7
0.000013369299999999998	62.03300206538922	2.0837579837353856e-11	-2.2999292586577922e-7
0.000013639300000000002	63.23779804870972	2.2572642400368673e-11	-2.4402551463747517e-7
0.000013914900000000006	64.46664953541641	2.4453227997319495e-11	-2.589223890366029e-7
0.000014195999999999994	65.71907365973009	2.6489995144185782e-11	-2.747247162622631e-7
0.000014482800000000001	66.99592443973911	2.869660120855542e-11	-2.9149275282393886e-7
0.000014775299999999989	68.29716421687226	3.108624967583656e-11	-3.0927839967781587e-7
0.000015073799999999991	69.62408885465904	3.367574800589137e-11	-3.281552194518211e-7
0.000015378300000000005	70.97665853515784	3.648069788022923e-11	-3.481821418921972e-7
0.00001568900000000001	72.35572127006628	3.9519812937016696e-11	-3.6943469494939103e-7
0.00001600590000000001	73.76123613277407	4.281132787974056e-11	-3.9197886527124907e-7
0.0000163293	75.19449171355714	4.637816367415152e-11	-4.159062250791244e-7
0.0000166591	76.65500232647648	5.024061253860743e-11	-4.412836312481315e-7
0.0000169957	78.14449583744317	5.4426585863501505e-11	-4.682208434903057e-7
0.00001733900000000001	79.66248519477345	5.89600360438097e-11	-4.967938026959788e-7
0.000017689299999999997	81.21025188879945	6.38721420666456e-11	-5.271162036520801e-7
0.000018046599999999987	82.78774988867644	6.919241493762072e-11	-5.592822890227748e-7
0.00001841119999999999	84.39625670039297	7.495732304341949e-11	-5.934191633267818e-7
0.000018783099999999986	86.0357243433528	8.120154963417701e-11	-6.296330833096815e-7
0.0000191626	87.70742638825688	8.796772471588356e-11	-6.680660497312442e-7
0.00001954970000000002	89.4113129514159	9.529657402047117e-11	-7.088377194564688e-7
0.000019944600000000006	91.14821405168928	1.0323582787453848e-10	-7.520954548247613e-7
0.000020347500000000018	92.91895761738424	1.1183727674917436e-10	-7.979957317844744e-7
0.00002075859999999999	94.72436950020399	1.2115710989495501e-10	-8.467046690390133e-7
0.000021177900000000016	96.5643961552764	1.3125132085224478e-10	-8.983734548797918e-7
0.00002160570000000001	98.44029965445415	1.4218635210813579e-10	-9.531992451243488e-7
0.0000220422	100.35290070105505	1.5403430248439996e-10	-1.0113788585266986e-6
0.00002248750000000002	102.30258030823218	1.6686943256114573e-10	-1.0731068996494228e-6
0.000022941800000000015	104.29015614892532	1.8077280746390766e-10	-1.1386030056258745e-6
0.000023405200000000014	106.31600689803696	1.9583242803023915e-10	-1.2080846920166017e-6
0.000023878	108.38138392793284	2.1214869834137537e-10	-1.2818127315738914e-6
0.000024360399999999995	110.48709897981313	2.2982430950658367e-10	-1.36004843379906e-6
0.000024852500000000023	112.63352583674713	2.4897149672920904e-10	-1.443051391931908e-6
0.000025354600000000016	114.82190903710871	2.6971726908234807e-10	-1.531130554777702e-6
0.0000258668	117.05261917992617	2.9218709112392216e-10	-1.624577590139064e-6
0.000026389300000000022	119.32646130769689	3.165276904543102e-10	-1.7237186954714055e-6
0.0000269224	121.64467327033285	3.428993370806235e-10	-1.8289191538220615e-6
0.000027466299999999998	124.00805537147737	3.7146650974449303e-10	-1.9405465231202937e-6
0.000028021099999999988	126.41697203532453	4.024100942936195e-10	-2.0589678369477535e-6
0.000028587199999999993	128.8730882782634	4.3593820360072945e-10	-2.1846369228328266e-6
0.00002916469999999998	131.37676455025164	4.722533040657101e-10	-2.31796757318072e-6
0.000029753900000000017	133.9292269102753	5.115979902596397e-10	-2.4594437820074585e-6
0.000030354900000000027	136.53083289330067	5.542143711902856e-10	-2.6095286194745107e-6
0.0000309681	139.1832367512822	6.003802381422423e-10	-2.7687882025955995e-6
0.000031593699999999975	141.887224250993	6.50395630831146e-10	-2.9377709013218194e-6
0.000032232	144.64401117060396	7.045844611143164e-10	-3.1170845787153138e-6
0.000032883100000000024	147.45394746789754	7.632728069885799e-10	-3.3073145262141647e-6
0.000033547400000000024	150.31867595992816	8.268582094267724e-10	-3.509168567756861e-6
0.000034225100000000005	153.23897368427276	8.957399830524247e-10	-3.7233358012225238e-6
0.00003491649999999998	156.21604646123694	9.703531100438878e-10	-3.950577030626904e-6
0.00003562179999999997	159.25066708751268	1.0511787467234424e-9	-4.19166367392751e-6
0.00003634139999999998	162.34446630194617	1.1387446534148195e-9	-4.44748206754147e-6
0.00003707560000000003	165.4986412121376	1.233603685135577e-9	-4.718936970137975e-6
0.00003782459999999998	168.71395694895963	1.3363672374807095e-9	-5.0069473654206984e-6
0.00003858869999999999	171.99160590436205	1.4476873749093439e-9	-5.312523099016744e-6
0.00003936820000000002	175.3327776583363	1.568262941255571e-9	-5.636733069217696e-6
0.00004016350000000001	178.7390871461329	1.698900087409e-9	-5.98075252827954e-6
0.00004097490000000001	182.2117174223791	1.8404251219196732e-9	-6.345783509479017e-6
0.00004180259999999999	185.7514213110249	1.9937077516760605e-9	-6.733049861205996e-6
0.00004264709999999999	189.3602317296327	2.159786472968448e-9	-7.143989875813435e-6
0.000043508600000000006	193.03889577948922	2.3396846115817265e-9	-7.579979562348878e-6
0.00004438750000000004	196.78901224125374	2.534549397334568e-9	-8.042575631054248e-6
0.0000452842	200.61217596713487	2.7456731273407287e-9	-8.533428786449944e-6
0.000046198999999999996	204.50955203511631	2.9743741148231585e-9	-9.054230974565546e-6
0.00004713230000000003	208.4827284970415	3.2221099060031154e-9	-9.606830084127722e-6
0.00004808440000000005	212.5328643340496	3.4904885147140822e-9	-0.000010193121367091015
0.00004905579999999997	216.661965818551	3.781231689203462e-9	-0.000010815236892664897
0.00005004679999999996	220.8711849830095	4.096161191144064e-9	-0.000011475305420257535
0.000051057800000000004	225.16209565989485	4.437346877135611e-9	-0.00001217564485988176
0.00005208920000000003	229.53626796127617	4.806924795847379e-9	-0.000012918708916528537
0.00005314149999999997	233.99569192908228	5.207283142092564e-9	-0.000013707170853069718
0.000054215100000000016	238.54192936614623	5.641048809019342e-9	-0.000014543787575534792
0.00005531030000000002	243.17611547675543	6.110877741705737e-9	-0.00001543139304258083
0.000056427599999999975	247.900228469562	6.619797438908054e-9	-0.000016373148091388762
0.000057567500000000035	252.71624171327824	7.171176131900103e-9	-0.000017372403658912742
0.00005873049999999996	257.62612377301417	7.768471200359978e-9	-0.000018432711445482258
0.000059916900000000036	262.6309950588564	8.415432447876812e-9	-0.00001955764174877693
0.00006112729999999997	267.73323793309424	9.116375204306588e-9	-0.00002075125930938996
0.00006236220000000001	272.93480773016915	9.87565725422535e-9	-0.00002201777461869489
0.00006362199999999995	278.2372343943277	1.069811847767017e-8	-0.000023361537447304124
0.00006490720000000003	283.6424649461911	1.1589150893124017e-8	-0.000024787254854919258
0.00006621839999999994	289.1528619249962	1.2554310860392883e-8	-0.000026300026284645093
0.00006755610000000004	294.7703622781288	1.3599839415954833e-8	-0.000027905137218998206
0.00006892079999999996	300.4968984559757	1.4732569387126038e-8	-0.000029608179360437
0.00007031310000000001	306.3348175945897	1.5959500504288018e-8	-0.00003141519931769525
0.00007173360000000007	312.2864611434336	1.7288674955748116e-8	-0.00003333260456793903
0.0000731827	318.35332789740704	1.8728649830020306e-8	-0.00003536689720362442
0.0000746611	324.53816815992326	2.0288331595053747e-8	-0.00003752538205977444
0.00007616929999999998	330.84288966783794	2.1977844649001425e-8	-0.00003981549941981166
0.00007770800000000002	337.2702310277499	2.3808364332279988e-8	-0.000042245432542357576
0.0000792778	343.82250687961994	2.5790987881073784e-8	-0.00004482369141089177
0.00008087930000000004	350.50202645023563	2.7938762735610163e-8	-0.00004755928125807211
0.00008251320000000004	357.31151020614595	3.026583202301587e-8	-0.00005046191031070348
0.00008418010000000007	364.2532557441813	3.278615725151699e-8	-0.00005354167711152269
0.00008588069999999998	371.3299713683738	3.5516541468286336e-8	-0.00005680945677856037
0.00008761559999999998	378.543943246868	3.847470249127621e-8	-0.00006027656332537784
0.00008938549999999993	385.8978677260604	4.167834667063362e-8	-0.00006395516798441252
0.00009119120000000006	393.39484980654913	4.51490983446684e-8	-0.00006785837531512727
0.0000930334000000001	401.03757219849547	4.89095853593958e-8	-0.00007199984747200277
0.00009491280000000002	408.8287113498832	5.298207506111099e-8	-0.00007639404077561813
0.00009683019999999998	416.77135158583826	5.739418540571383e-8	-0.00008105649624768714
0.00009878629999999994	424.86815605586025	6.217452153737453e-8	-0.00008600341808727275
0.00010078199999999996	433.12260872943386	6.735154168953777e-8	-0.00009125247733947464
0.00010281800000000003	441.5373587502823	7.296030224393221e-8	-0.00009682185257254544
0.00010489500000000006	450.1194227674123	7.903694275673211e-8	-0.00010273175652272424
0.00010701400000000006	458.8599611026963	8.561739908906097e-8	-0.00010900050082429152
0.00010917600000000003	467.7552647856458	9.274752761384735e-8	-0.00011564847636224056
0.00011138100000000005	476.839059015651	1.0047061528838508e-7	-0.00012270454587338838
0.00011363099999999998	486.10531660182124	1.0883512566818878e-7	-0.00013019381539498663
0.00011592700000000004	495.55322852915555	1.1789999250305137e-7	-0.00013814193720586987
0.00011826900000000003	505.18769305177756	1.2772028771830182e-7	-0.0001465751512465629
0.00012065800000000001	514.9959567152646	1.383523127521107e-7	-0.0001555182980552664
0.000123095	524.9812101634548	1.4987073972048002e-7	-0.00016500218557693612
0.00012558200000000003	535.1870397794634	1.623546545459965e-7	-0.00017507541323973015
0.00012811899999999997	545.5988234462321	1.758710267094558e-7	-0.00018576545075435158
0.00013070699999999998	556.1826566703961	1.9051467910677283e-7	-0.00019709664092287536
0.00013334700000000002	566.969623817434	2.0637880169709336e-7	-0.00020911732375865995
0.00013604100000000008	577.9690165278015	2.2356072486110037e-7	-0.00022187457201116673
0.00013878999999999996	589.2160954186838	2.4218181078802965e-7	-0.00023542571939138825
0.00014159300000000005	600.6566154723087	2.6234571362368844e-7	-0.00024978846565719057
0.00014445399999999994	612.3030577819961	2.841897711380841e-7	-0.00026502552486941573
0.00014737200000000002	624.1882023011913	3.0785222268368535e-7	-0.00028119475073501383
0.00015034899999999998	636.3078737841794	3.334889765434139e-7	-0.00029835246922959934
0.00015338600000000004	648.6451858899961	3.61247373405129e-7	-0.00031654789698991917
0.00015648499999999996	661.2415778782223	3.913312798181849e-7	-0.00033586588491193856
0.00015964600000000008	674.0666220939655	4.239177202831393e-7	-0.0003563516080256086
0.0001628710000000001	687.162737565657	4.592044243646291e-7	-0.0003780997873443174
0.00016616100000000006	700.5133820405363	4.974380265400263e-7	-0.0004011745817213227
0.000169518	714.1018478292647	5.388653673477158e-7	-0.00042564744247330515
0.00017294200000000004	727.9452955482299	5.837133269317925e-7	-0.00045160356848416536
0.00017643599999999995	742.0809437998088	6.323212308788828e-7	-0.0004791624415453396
0.00017999999999999998	756.4934134686235	6.849706836580551e-7	-0.0005084012869521779
0.000183637	771.1708182997619	7.419976321778366e-7	-0.0005394197230562558
0.00018734600000000007	786.1206825672344	8.037674064122316e-7	-0.0005723125689773615
0.00019113100000000006	801.3565098530536	8.707002014771336e-7	-0.0006072151214722702
0.00019499199999999992	816.9054020521693	9.431703366473757e-7	-0.0006442570974441938
0.00019893100000000012	832.7409440530732	1.0217001579559204e-6	-0.0006835463903733685
0.00020295000000000005	848.8990044138185	1.1067755186733785e-6	-0.0007252480068683699
0.00020705	865.3881987622826	1.1988976052995602e-6	-0.000769507905970696
0.00021123200000000005	882.1584608868607	1.2987044222014076e-6	-0.0008164261156951008
0.00021549899999999996	899.2427193253627	1.4068260549172711e-6	-0.0008661986433037904
0.000219853	916.6893849723098	1.523932627966502e-6	-0.0009190437925680153
0.0002242939999999999	934.4727331354131	1.650809017697496e-6	-0.0009751025461709932
0.00022882499999999994	952.569518426356	1.7882406979860607e-6	-0.0010345490143420645
0.000233448	971.0286946011817	1.937084162219242e-6	-0.0010976374153309869
0.0002381639999999999	989.8412907860601	2.098369919486713e-6	-0.001164564012112089
0.0002429749999999999	1009.0095056366536	2.273042831355682e-6	-0.0012355576646783792
0.00024788300000000007	1028.560854714315	2.4621975896405512e-6	-0.001310892379114309
0.0002528910000000001	1048.5181172212117	2.667220086332884e-6	-0.0013908656846844092
0.00025799999999999993	1068.8334437587419	2.8892520019525e-6	-0.0014756754888735984
0.0002632119999999999	1089.5225598581756	3.1297009835616266e-6	-0.0015656255157574157
0.00026852899999999994	1110.633970965329	3.390267814546057e-6	-0.0016610873625345786
0.0002739540000000001	1132.1318217449698	3.6724711890010694e-6	-0.0017623421251010826
0.00027948799999999994	1154.1009350433176	3.978073234217266e-6	-0.001869850217090505
0.000285134	1176.4543815532145	4.309282427623426e-6	-0.0019838485775151966
0.00029089400000000015	1199.1931436759573	4.667923037331401e-6	-0.0021047123969198736
0.00029676999999999997	1222.38617500275	5.056332872724304e-6	-0.0022329610865938843
0.00030276600000000005	1246.0405113211823	5.477376689733386e-6	-0.002369068906693329
0.0003088820000000001	1270.1309250946638	5.933175768948306e-6	-0.0025134112955412353
0.000315122	1294.6998777198808	6.426898683097976e-6	-0.0026665818933284957
0.000321488	1319.7376517671225	6.961997210299551e-6	-0.002829071754513681
0.0003279819999999999	1345.28961643693	7.541261240425336e-6	-0.00300151855868744
0.00033460800000000013	1371.2866699969943	8.168787613577765e-6	-0.0031843769206089233
0.0003413670000000001	1397.774453500325	8.848840620465744e-6	-0.003378329767688391
0.0003482629999999999	1424.772319673015	9.585064121349364e-6	-0.0035841011291683307
0.0003552989999999999	1452.3176720642655	0.000010382658353543946	-0.0038024883385969267
0.000362476	1480.3659761637482	0.000011247015130833475	-0.0040340756233003434
0.00036979900000000014	1508.9279191886608	0.000012182728169438197	-0.004279711114252786
0.000377269	1538.0986832209906	0.000013196279816074767	-0.004540450497712265
0.0003848899999999999	1567.757283137164	0.00001429489064456675	-0.00481684342454937
0.000392666	1598.0553404216466	0.00001548404831338411	-0.005110304018053739
0.000400598	1628.840958515325	0.00001677221062585234	-0.0054212866749058074
0.00040869100000000014	1660.2102186492195	0.00001816864329197042	-0.0057511820069896784
0.00041694700000000014	1692.2523170277227	0.000019679670934647608	-0.006101384264395148
0.00042537000000000006	1724.871540688814	0.00002131690090678465	-0.006472761781025623
0.0004339629999999999	1758.1061338847496	0.000023091605001484247	-0.006866685735069945
0.00044272899999999983	1791.9887622452788	0.000025011634974226185	-0.007284593912469753
0.00045167299999999993	1826.5194523697162	0.00002709237635382107	-0.007727945548121567
0.0004607969999999999	1861.6457665986054	0.000029347789632282875	-0.00819794706883143
0.0004701059999999998	1897.4517426964858	0.000031787850232300674	-0.008696576188794217
0.000479603	1933.991163628167	0.000034432139015857824	-0.009225743179293132
0.0004892919999999998	1971.15380985267	0.00003729878318112303	-0.009786713237404277
0.0004991759999999998	2009.040572942544	0.00004039911647557615	-0.010381811874710094
0.0005092600000000001	2047.5905089442701	0.00004375944021081397	-0.011012758970312633
0.0005195480000000001	2086.9050784846377	0.000047402526429092285	-0.01168220141349156
0.0005300429999999999	2126.9776218579004	0.000051341822095828575	-0.012392314070583553
0.0005407510000000002	2167.783861193785	0.000055612250464909164	-0.013145420053132996
0.000551675	2209.42314216143	0.00006024191383868365	-0.013944590693727565
0.000562819	2251.7901867587793	0.00006524716646444403	-0.014791833803588105
0.0005741889999999998	2294.895959456352	0.00007067375179058591	-0.015690094301861766
0.000585788	2338.8266806958954	0.00007655623938858836	-0.01664285785025094
0.000597622	2383.641413940154	0.00008291668402813927	-0.017653831948464906
0.0006096950000000004	2429.263728254314	0.00008981227466995308	-0.01872581443675885
0.0006220109999999998	2475.649704617252	0.00009728647707298054	-0.019861948628968847
0.0006345770000000002	2522.9617174919354	0.00010536826665466162	-0.02106742550694568
0.0006473959999999997	2571.172823643275	0.00011412987774841623	-0.022345955860810552
0.0006604740000000002	2620.201174638556	0.0001236265512513094	-0.023701132186396766
0.0006738170000000003	2670.183653471862	0.0001338949509485145	-0.02513872730471724
0.0006874289999999997	2721.129050471796	0.00014502791746508588	-0.02666356084458021
0.000701316	2772.985149969456	0.0001570936340057561	-0.028280252882768538
0.0007154839999999998	2825.798960841757	0.00017013968148054732	-0.029994674800447776
0.000729937	2879.5299309901147	0.00018428422527956952	-0.03181193168831527
0.0007446829999999998	2934.239850156716	0.00019961305747165576	-0.0337388803940621
0.0007597269999999998	2990.0607351312847	0.0002161872780342005	-0.035783402980523
0.0007750739999999997	3046.788358652226	0.00023415849443105072	-0.0379497833850134
0.000790732	3104.538086355965	0.0002536316753874825	-0.04024670225478923
0.0008067060000000001	3163.435786065565	0.00027468694832563016	-0.0426833119481013
0.000823002	3223.371689944099	0.0002975185356405079	-0.04526623164269841
0.0008396280000000004	3284.3753401324934	0.00032225434154524956	-0.04800453459088699
0.0008565889999999996	3346.4313459797604	0.0003489999110456014	-0.05090680730084538
0.000873894	3409.658780069032	0.00037800705461216687	-0.05398467639725825
0.0008915469999999997	3474.0145578733986	0.00040942391450128564	-0.05724731352981819
0.0009095580000000004	3539.5515819150673	0.0004433993900801781	-0.060706718936858
0.0009279319999999996	3606.2162188771104	0.0004802453843927606	-0.06437308370442382
0.0009466780000000002	3674.078748653534	0.00052015012845999	-0.06825989297371049
0.0009658020000000004	3743.128320485116	0.0005633026042317962	-0.07237950474591812
0.000985312	3813.4363203835665	0.000610105240181663	-0.0767468639642971
0.00100522	3884.960077372088	0.0006607905534814954	-0.08137613966303733
0.0010255200000000003	3957.750533955879	0.0007155791194373829	-0.08628125158172162
0.0010462399999999997	4031.971713157232	0.0007750351812344171	-0.09148525574813289
0.0010673799999999995	4107.2977786137135	0.000839401077605154	-0.09699655492499167
0.0010889399999999996	4184.032409582665	0.0009089962657305021	-0.10283849546587487
0.0011109399999999995	4262.094791142247	0.000984505036690111	-0.10903040315832961
0.0011333799999999994	4341.484275158387	0.0010662059180574952	-0.11559070632867675
0.0011562700000000005	4422.275333963628	0.0011545681306888217	-0.12254283761181958
0.0011796299999999997	4504.466510772524	0.0012504564035383395	-0.1299117413588901
0.0012034600000000004	4588.235650983227	0.0013541914064246748	-0.13772474814578123
0.0012277700000000004	4673.1583194214045	0.0014664074809028317	-0.14599458447250602
0.0012525799999999997	4759.481202722002	0.0015881963332101564	-0.15475752398324327
0.0012778799999999993	4847.431293375837	0.0017198630154828063	-0.1640445268738907
0.0013036999999999997	4937.027968724819	0.0018623714394064468	-0.17389187931629857
0.0013300300000000003	5028.004695124675	0.0020169238966328165	-0.1843168757973875
0.0013568999999999999	5120.375673418149	0.002184075760532511	-0.1953583338666978
0.0013843099999999997	5214.462610397728	0.0023649364969784738	-0.20706099362937289
0.00141228	5310.232822971836	0.0025612307495922132	-0.2194646105264984
0.00144081	5407.448242190713	0.0027733496667724424	-0.2325959324442744
0.0014699100000000003	5506.091237304553	0.003002875894775295	-0.24649488258445215
0.0014996099999999997	5606.51344980696	0.003252052567117343	-0.26122751900795615
0.0015299	5708.735863718316	0.0035211641433986213	-0.2768353344265271
0.0015608100000000006	5812.346448785922	0.003812558854964782	-0.2933545421820042
0.0015923399999999998	5917.74983871705	0.004128754352366622	-0.3108528879840395
0.0016245100000000009	6024.872206891823	0.00447023400098201	-0.3293854706766619
0.0016573200000000008	6133.576694455423	0.0048398599481314615	-0.34899818635886326
0.0016907999999999992	6244.235030832368	0.0052411217013859455	-0.3697811968018787
0.0017249599999999996	6356.497652845016	0.005674259795390643	-0.39177904008017084
0.0017598099999999995	6470.5887721935715	0.006143353636745548	-0.41507294383113463
0.0017953599999999998	6586.653676178312	0.006652480983824214	-0.43974454739163354
0.0018316200000000004	6704.265695447718	0.007201567717896595	-0.465840951864968
0.001868630000000001	6823.691830874813	0.007796673285658176	-0.49347429493263584
0.001906380000000001	6944.959585993091	0.008442570556182093	-0.5227206208410142
0.0019448899999999997	7068.183772472742	0.009138865110646408	-0.5536827740991237
0.0019841799999999995	7193.089421793409	0.0098934220921541	-0.5864385017193638
0.00202426	7320.000903382888	0.010712541283390596	-0.6211121876637604
0.0020651500000000004	7448.971303355097	0.011595064696205493	-0.6578198025490953
0.0021068699999999994	7579.518924299584	0.012551782491597203	-0.6966350576623694
0.002149430000000001	7712.085299776761	0.013590495100500555	-0.7377123835961803
0.0021928500000000005	7846.723664393767	0.014708822070027928	-0.7811868796706876
0.00223715	7983.188927565968	0.015921568777695596	-0.8271706329424365
0.0022823399999999995	8121.581137110909	0.017238325308444175	-0.8758085751779234
0.00232845	8261.821711725055	0.018655129224926265	-0.9272496429315394
0.0023754900000000005	8404.147558524797	0.02019201781129896	-0.981670823628401
0.0024234800000000013	8548.426730682364	0.021861072841641786	-1.039224401776107
0.002472430000000001	8694.715534357401	0.02365481567144509	-1.1000838825439936
0.0025223800000000007	8843.083512752331	0.02560191587212853	-1.1644611729635885
0.002573340000000001	8993.256096071193	0.027716735998806474	-1.2325061743914696
0.002625320000000001	9145.528424220207	0.029987531415107682	-1.3044527653801063
0.002678359999999999	9299.803572351204	0.03245357080601654	-1.3805232009415185
0.00273246	9456.054709900234	0.035130446287012146	-1.460919695463138
0.002787660000000001	9614.462750711937	0.0380053354388228	-1.545929967614883
0.002843980000000001	9774.66481589428	0.04112739131281282	-1.6357477638566194
0.0029014300000000004	9936.898844305995	0.044515262679744434	-1.7306626316814229
0.0029600400000000006	10100.957684323677	0.04815297963864105	-1.8309260947576937
0.0030198399999999993	10267.24837270318	0.05210382966357265	-1.9369150897216791
0.0030808399999999996	10435.652137857849	0.056389110748041926	-2.048905335287026
0.0031430800000000004	10605.71325779379	0.06099078205984783	-2.1671549089293585
0.0032065800000000005	10778.170791741146	0.06598872249129459	-2.292152303532598
0.00327135	10951.847833724312	0.07140651803251233	-2.423988763607345
0.0033374400000000014	11128.209440465402	0.07722444938487967	-2.5633990800216067
0.0034048599999999983	11306.597873617187	0.08354318644616013	-2.710623583747925
0.003473640000000002	11486.250700001967	0.09038987553080667	-2.8659021043977986
0.0035438100000000014	11668.05374586607	0.09774090487354252	-3.0298937782637463
0.003615399999999999	11851.368789316237	0.10572616893515226	-3.202904800110471
0.0036884399999999994	12036.576998287988	0.11437381443411737	-3.3855246664015466
0.0037629499999999993	12223.885816276374	0.1236577526211542	-3.5783146241662926
0.00383897	12413.14521649068	0.13374382478452146	-3.781799792616405
0.00391652	12604.749986571836	0.1446571908203912	-3.996660570092211
0.003995640000000001	12797.025454020657	0.15637524976736542	-4.222983016867258
0.00407636	12991.170209997374	0.16910627308591628	-4.461762336975417
0.0041587	13187.6430497135	0.1828696562091072	-4.713801097880542
0.004242709999999999	13384.956995181334	0.19764935339481096	-4.979304413153466
0.00432842	13583.709224828322	0.21370822132775605	-5.259187684867596
0.004415859999999999	13784.485996478472	0.23105555559787813	-5.554431449983765
0.004505070000000002	13986.92489523863	0.24968479970182203	-5.8657183561828425
0.004596079999999999	14190.720852072556	0.26992667601675124	-6.193747310007148
0.004688919999999999	14396.190757808843	0.2917694418537517	-6.5395176778438735
0.004783650000000001	14602.557413710196	0.31523190549418484	-6.903661518058669
0.004880280000000002	14809.883211778419	0.34072431705889294	-7.287070014860256
0.004978870000000002	15018.695956762736	0.3682082019380192	-7.691065516470171
0.005079450000000002	15229.064773033713	0.39772980193857965	-8.116730300686854
0.005182059999999998	15440.3964726846	0.4298107215653538	-8.56486661305522
0.0052867500000000015	15652.93674050193	0.46435560423160394	-9.036796678234925
0.005393550000000003	15865.858742803784	0.5014681331944236	-9.533209754059985
0.005502509999999999	16079.628959386659	0.5418020659074065	-10.055649324809703
0.005613659999999998	16294.705721605143	0.5851700768925874	-10.605686109606108
0.005727069999999999	16510.120432539003	0.6317809972138053	-11.184184792995577
0.005842759999999998	16726.132018936274	0.6824346564160665	-11.792648625978645
0.005960789999999997	16942.510290437236	0.7368268674094891	-12.432470783573763
0.006081210000000001	17159.505962699153	0.7952981716136883	-13.105419103073078
0.006204059999999997	17376.85105832028	0.8588479876513044	-13.812909937949868
0.00632939	17594.89463471271	0.9269780062543336	-14.556954571799817
0.006457250000000002	17812.45372326369	1.0002371161561918	-15.338372240411276
0.006587690000000001	18029.881257655357	1.0798612655856836	-16.159278662765594
0.006720770000000001	18247.637810462213	1.1650836442370487	-17.02207193358648
0.006856540000000004	18464.54041224131	1.2567598912456543	-17.927664707621666
0.006995049999999999	18681.525177466006	1.3564037644367815	-18.879017361214494
0.007136359999999998	18898.258357733805	1.4628508490380852	-19.878050982601966
0.007280529999999998	19113.88377790387	1.5774143677668613	-20.926163263748194
0.007427600000000003	19328.405237035207	1.7019254045850198	-22.02556671018708
0.007577650000000001	19542.0010053484	1.834672170531608	-23.179013120710565
0.00773073	19754.64306020494	1.9776085320579826	-24.388964984307506
0.007886899999999999	19966.357245131894	2.1329670842500583	-25.658117189706047
0.00804623	20176.57095491386	2.2982314921686084	-26.98855193753446
0.008208769999999999	20385.224895569572	2.476275170891118	-28.382930363812143
0.008374600000000003	20592.109079543286	2.669796156984105	-29.844004387405292
0.008543779999999999	20796.638194474606	2.875153364480505	-31.37390002604595
0.008716379999999998	20999.529408056056	3.096553505073659	-32.97684161004818
0.008892460000000001	21199.77592889069	3.3371731496332444	-34.65446767013695
0.009072099999999998	21397.63083570508	3.5918449663246372	-36.41058425064186
0.009255369999999999	21592.854807876018	3.8666121615329105	-38.24825214784631
0.009442339999999999	21785.37300969834	4.165221081654554	-40.17090445265329
0.009633080000000004	21974.652489067885	4.4803517335348015	-42.18121092588439
0.009827680000000004	22160.713858339845	4.820640896660592	-44.28310240340248
0.010026200000000002	22343.016643663675	5.19041624734935	-46.47922624792879
0.010228799999999998	22522.53113702718	5.579595919318777	-48.7764058007088
0.010435400000000001	22696.55442779561	6.000039627521131	-51.17139108488891
0.010646200000000001	22866.71963066971	6.456954255259122	-53.6729414388024
0.0108613	23033.035837624357	6.936151514064028	-56.285680495332365
0.011080699999999999	23193.926333716397	7.454504450828067	-59.009304157926046
0.011304499999999999	23350.218872682133	8.017613160865269	-61.850382050732655
0.011532899999999999	23501.362773833498	8.606105461495098	-64.8133183088318
0.011765899999999998	23646.889761994495	9.243522963993769	-67.90046423145793
0.012003599999999998	23787.289404526804	9.935974872418685	-71.11803994002622
0.012246	23921.27241117051	10.656214896465546	-74.46588247974049
0.012493399999999997	24048.838525324467	11.4377203942872	-77.9511559163524
0.012745800000000002	24170.459434568053	12.285318505545177	-81.57911433832825
0.0130033	24284.810118126894	13.166111471816814	-85.35027346216856
0.013266000000000002	24391.94691649652	14.121431037976762	-89.26956643400074
0.013533999999999997	24492.360294919155	15.15530421571242	-93.34369738119659
0.013807399999999997	24584.909994475922	16.228628071526007	-97.57328755943786
0.0140863	24669.07409640658	17.39238589490108	-101.96085862896044
0.0143709	24746.212468142865	18.649240947569794	-106.5182223895641
0.014661199999999997	24814.320542490488	19.95273415379265	-111.24015386845338
0.0149574	24873.086205557	21.365949453529947	-116.13091287026288
0.0152595	24923.602788600703	22.88749858374124	-121.19822926867585
0.015567799999999998	24965.144551435133	24.4648469839341	-126.4462475400742
0.015882300000000002	24997.331964832807	26.1740859396435	-131.87552475003093
0.01620310000000001	25019.44072770034	28.00927695470638	-137.48588710518123
0.0165304	25031.527068039057	29.909589408418128	-143.2826136416109
0.0168644	25033.689206918065	31.968849113848897	-149.27125814373233
0.017205100000000004	25025.46411669488	34.172987963018564	-155.4502401781597
0.017552599999999998	25006.157186365785	36.45275473139208	-161.8175027017575
0.017907200000000005	24975.87748636565	38.922189296336256	-168.37921978872166
0.018269000000000004	24934.568831071618	41.55672587288701	-175.13654103757767
0.018638	24882.29603222408	44.279253922043054	-182.0890283396821
0.019014500000000004	24819.149347765975	47.22693635500177	-189.24204590408792
0.019398599999999995	24744.053990173707	50.359154083925475	-196.58747576709055
0.0197905	24657.180249928402	53.594612996960876	-204.12766658492092
0.020190300000000005	24559.234317308103	57.095844045209006	-211.8671479396622
0.020598200000000007	24448.3162856098	60.80079640585133	-219.7895278331593
0.021014300000000007	24326.01555343829	64.62434295276695	-227.90542248007603
0.021438800000000004	24192.383188855467	68.7603888416264	-236.21424853246492
0.0218719	24046.86144052072	73.11652359272921	-244.70857399908226
0.02231380000000001	23889.269652995325	77.61012894610604	-253.38319574350442
0.022764500000000003	23719.42852296214	82.46781122499992	-262.2268659633235
0.023224400000000006	23538.124817754564	87.55828757643127	-271.24746993238256
0.023693600000000006	23345.566157953817	92.80610529653774	-280.4391850732435
0.0241722	23141.55908312905	98.47805740750569	-289.79024126182344
0.024660500000000002	22926.90068705529	104.38700458277962	-299.305017828657
0.0251587	22701.099922221852	110.47630267063099	-308.968274645782
0.025666900000000003	22464.635881872233	117.05594434853278	-318.77336232177964
0.0261854	22217.4877755613	123.86745977453664	-328.7108716775143
0.026714399999999996	21961.079088675237	130.88544939993665	-338.78938474241124
0.027254099999999996	21695.676733406224	138.46820347541194	-349.0007771566798
0.027804699999999998	21420.850738092773	146.26318265832845	-359.3242083941559
0.028366299999999997	21138.0739970244	154.29302364601304	-369.76629767611735
0.028939399999999997	20848.0722879702	162.97020289591083	-380.3333078292594
0.029523999999999998	20550.25793985607	171.82141456440002	-390.9932003077081
0.030120400000000006	20245.723515843187	180.94550341815454	-401.7516206321144
0.030728899999999993	19935.419603069622	190.8038490446582	-412.61285472730896
0.0313497	19620.52795920319	200.77774521756672	-423.58463236770115
0.031983000000000004	19301.42262131397	211.06832585783982	-434.65878074000705
0.0326291	18979.149087333088	222.18883255504815	-445.84526659637277
0.03328819999999999	18654.26003014401	233.33625634154455	-457.141365584368
0.03396070000000001	18327.292737078027	244.85750610567382	-468.550255189294
0.03464669999999999	17999.550178953068	257.31395978373735	-480.0873586546679
0.0353466	17672.49807834989	269.6804935619223	-491.7855988938891
0.0360607	17345.908422516066	282.4905819361504	-503.63137446774846
0.03678920000000001	17021.00317713167	296.3535509194829	-515.6497255392364
0.0375323	16698.310048017374	309.96879237708777	-527.8488153549836
0.03829060000000001	16376.883827442234	324.1206090088213	-540.2021200615028
0.039064100000000004	16058.302164461598	339.4535055843936	-552.7457372092979
0.0398532	15744.852514354765	354.34693742818916	-565.5614384271992
0.04065830000000001	15438.626503074398	369.8913303738132	-578.7373276053415
0.0414797	15139.14992394263	386.76241834185885	-592.2720269572598
0.04231759999999999	14847.544894065624	402.9567228461924	-606.2241996817646
0.04317250000000001	14565.119300205735	419.9513477827182	-620.6786611743986
0.04404460000000001	14291.884294991376	438.43318703768585	-635.6648222941699
0.0449344	14028.717402113292	455.9716623195688	-651.2641349399356
0.04584209999999998	13775.491869031392	474.5014042872128	-667.5099699038058
0.046768199999999996	13532.429574578695	494.70358372324665	-684.4649833717536
0.047712999999999985	13299.798679021247	513.6484801363056	-702.1936454681866
0.04867680000000001	13077.358883531882	533.8251400096544	-720.7388744189363
0.049660199999999995	12864.2875820066	555.882584436281	-740.1218217947801
0.05066339999999999	12660.461001128513	576.3352105827566	-760.3893127715302
0.05168690000000001	12465.064693103097	598.3199906288746	-781.5576652830309
0.052731	12277.871035718892	622.4131528728204	-803.6709667280929
0.05379620000000001	12098.06463200785	644.5274121917876	-826.7415760532176
0.054883	11925.156146491943	668.5216461677804	-850.8001362182772
0.0559917	11757.140148509807	694.8658646577463	-875.7560036581413
0.0571228	11593.94689771869	718.8149480406241	-901.6537458852987
0.05827679999999999	11437.166255944729	745.0351823458786	-928.6747340688696
0.05945400000000001	11290.151657861294	773.7015371842488	-957.1688319480679
0.06065509999999999	11148.630441639974	799.8104247429576	-986.8796625522149
0.06188040000000001	11003.579353766749	828.4660857332501	-1017.0396560327774
0.0631305	10852.860958714838	859.5874742155743	-1047.413648231372
0.06440580000000001	10698.693935963583	888.1330197900311	-1078.1570886512945
0.06570689999999998	10540.98115568677	919.4676971977256	-1109.2207890540135
0.06703419999999999	10377.45891585197	953.2044470021558	-1140.3028380055916
0.06838839999999999	10206.513207620728	984.301413527864	-1171.1366901431902
0.0697699	10027.05127498352	1018.299043427325	-1201.4648742152801
0.0711794	9837.9376968238	1054.5352744880313	-1231.000007644886
0.07261729999999998	9638.407444864453	1088.0845248655464	-1259.451748648153
0.07408429999999999	9427.787254448813	1124.6372315521414	-1286.5179783181109
0.07558090000000002	9206.161534419914	1163.1559267696334	-1311.9604481655172
0.07710769999999997	8974.170265285604	1198.8714573083478	-1335.6065954731755
0.0786654	8732.462402559842	1237.5609801536343	-1357.2814921935924
0.0802545	8482.304746942773	1277.7662927942592	-1376.895852795679
0.08187580000000001	8225.207961084683	1314.9499873089426	-1394.423817044521
0.08352980000000002	7962.930496854061	1354.9909780183073	-1409.892708376125
0.08521720000000002	7697.696783564929	1396.0522506979432	-1423.455108060903
0.08693869999999998	7431.8055714993625	1433.8964081690726	-1435.329423923542
0.08869499999999997	7167.544076526032	1474.4981445834685	-1445.7925016882086
0.09048669999999999	6907.118905838711	1515.566628466388	-1455.1687392285412
0.09231470000000001	6653.101453547701	1553.2485223293188	-1463.9467082521398
0.0941796	6408.050160370172	1593.6658824343406	-1472.6978500496384
0.09608219999999999	6173.896796357327	1634.0326930726822	-1481.9571513746582
0.09802310000000003	5952.872410867528	1670.9361157070084	-1492.4202508211347
0.10000300000000001	5746.76036455473	1710.6873501973446	-1504.7849268510408
0.10202300000000002	5557.18911245022	1750.010569860249	-1519.8271149578509
0.104085	5384.579821561851	1786.060998797872	-1538.1144310873979
0.106187	5228.948467163438	1825.3875226346547	-1560.0295258104984
0.108332	5090.383725448166	1864.0669026287794	-1586.1840072285681
0.110521	4967.112466660949	1899.8516198294215	-1616.5717958933212
0.112753	4857.752563509234	1939.5822509567647	-1651.205739355758
0.11503100000000001	4759.613365117463	1978.4811059354286	-1689.7270274815542
0.117355	4670.518290901846	2014.962788065214	-1731.7496772208162
0.119726	4587.722635938195	2056.1465633153825	-1776.595777135152
0.122144	4507.708723566253	2096.1397844595463	-1823.0867397812574
0.124612	4427.152086192688	2134.1835183832004	-1869.9931365375696
0.127129	4342.648323394639	2177.5221067977873	-1915.6794888253514
0.12969700000000003	4251.1943275912545	2218.9791276547344	-1958.5183442500925
0.132317	4149.85699273196	2258.657856524488	-1996.6121091909654
0.13499	4037.051423309288	2303.8636890272505	-2028.446292650708
0.13771700000000003	3912.584320027528	2345.90702943262	-2053.03174095354
0.140499	3777.6177964630274	2385.9562288771267	-2070.026596612022
0.143338	3634.6018455685557	2431.222373401668	-2079.8862227643554
0.146233	3486.581747689243	2471.5517086552973	-2083.492761768952
0.149187	3337.2904653717856	2509.5556770809735	-2082.5336313884604
0.152201	3190.1483269961113	2552.318616148208	-2078.7853254891074
0.155276	3048.1633230789175	2588.7022865110876	-2074.1061546103683
0.158413	2914.5466205291978	2623.0062021896447	-2070.852975114166
0.161613	2792.0810842293467	2662.0722525143774	-2071.4840372122926
0.16487799999999997	2682.5981383292406	2694.095006223556	-2078.1562738300154
0.16820800000000002	2587.671370485126	2725.0006298170383	-2093.084359798154
0.171606	2506.9230297476934	2761.1204721932363	-2117.233654393013
0.175073	2438.3922232452496	2790.286392422632	-2150.177125689419
0.17861000000000002	2379.4519969394464	2819.8332552165975	-2190.689420076733
0.18221799999999996	2326.2670248712952	2855.2891534771175	-2236.065758736009
0.18589899999999998	2275.056643350212	2884.1795713366637	-2283.1216334532705
0.189654	2222.4115515368912	2914.638867308623	-2328.41979405336
0.193486	2165.61606607484	2950.9643093194245	-2368.7189282935847
0.19739400000000001	2102.533838767719	2980.1224519902976	-2400.7844422521084
0.201382	2032.2361184699678	3010.7733079920163	-2422.461303710823
0.20545	1955.010600387678	3046.1715259515245	-2432.7139112457057
0.209601	1872.903195641857	3072.8954912501526	-2432.8165259995053
0.21383499999999997	1789.0614410881676	3100.573930667311	-2425.8093693725564
0.21815399999999996	1706.624269484273	3132.088488399242	-2415.424166757612
0.222562	1629.1174119895506	3153.532211660001	-2406.7343120679416
0.22705799999999998	1558.9138607258785	3176.3446928617645	-2403.822858108192
0.23164399999999996	1497.3803933965894	3203.4621580405283	-2409.9182362242923
0.236324	1444.7449981885118	3220.0584973137916	-2426.86167249604
0.24109799999999998	1399.8012598905432	3239.7944706417225	-2454.087504750178
0.245968	1360.0218989202428	3265.3109469852684	-2488.432995457031
0.25093699999999997	1322.3910797763938	3279.842146796683	-2525.1476865088234
0.256007	1284.1703782394964	3299.141378865383	-2559.0961345567607
0.26117799999999997	1243.3757399478443	3324.844223920827	-2585.7485116261723
0.266454	1198.9073534546837	3337.7885990500963	-2601.8321295206297
0.27183700000000005	1151.128454190283	3355.769008230339	-2606.8525124208577
0.277329	1101.6203564861387	3378.846426738197	-2603.228382851347
0.28293100000000004	1052.390003431448	3388.2305112394283	-2594.951833412009
0.288647	1005.8805669650509	3402.205383251938	-2587.9844866048907
0.294478	963.736447855616	3420.0565168385438	-2587.154508516359
0.300426	926.5156070431476	3425.8234614609382	-2595.0806466710046
0.30649599999999994	893.5923626675766	3436.528919510135	-2611.3483287007252
0.312687	863.697107069184	3450.9450026735076	-2633.2786193207576
0.319004	835.1577868795184	3455.518425015045	-2656.4654759089112
0.325448	806.238623650075	3464.905519076644	-2675.379235146324
0.332023	775.9756509446977	3477.0074895715575	-2686.2461902388022
0.33873	744.5094442880622	3479.9351676958154	-2688.6186004115325
0.345573	712.7299326339358	3486.738383730825	-2684.937610546579
0.352554	681.9806211040332	3495.051810975673	-2679.8988613773695
0.359676	653.276219794396	3494.6168389661734	-2677.7370682778837
0.366942	627.1328916615014	3498.3832160938255	-2681.287075278843
0.374355	603.3888221661581	3503.7675307441805	-2690.8025411010067
0.381917	581.1110928247041	3501.506220758792	-2702.9028296525457
0.389632	559.4340461527075	3504.0882313820857	-2713.9082111452226
0.397503	537.6364205676629	3507.7379241773892	-2720.182483850042
0.405533	515.6354053894639	3503.676165999301	-2720.839823915404
0.413726	493.89799156583103	3503.7116224224874	-2717.9281137759813
0.42208299999999993	472.9856446043327	3503.489647838016	-2714.399262196227
0.43061	453.4086769414	3496.077995997789	-2713.5081624967115
0.439309	435.2144427445374	3492.841688397565	-2716.111517279948
0.44818399999999997	418.02643597424236	3489.5193889293855	-2720.443074933139
0.457238	401.4373692496297	3481.0712886324304	-2724.161385319761
0.4664749999999999	385.11024524787905	3477.012108198177	-2725.007026436386
0.475898	369.03006201706614	3472.439530955259	-2722.6946154687907
0.48551200000000005	353.46031768348774	3463.220439423048	-2719.0803172593255
0.495319	338.62813244777107	3457.3731588215433	-2716.0313164450477
0.505326	324.60369451534604	3449.8753898480595	-2714.4851400010125
0.515534	311.28337824960346	3437.8022602977812	-2713.9305014477673
0.525949	298.44425064973484	3429.332442883063	-2712.7189466364393
0.536573	285.9790275116548	3419.1438270743474	-2709.9478068617195
0.547413	273.8918325698625	3405.442941731701	-2705.7154150318665
0.558471	262.2559082345319	3395.832111744488	-2700.796830387412
0.569753	251.16725553686697	3384.3329926878796	-2696.3933504713996
0.581263	240.591012944521	3370.0732854557245	-2692.4177902261044
0.593005	230.44033601447924	3359.121524336978	-2688.1455067887177
0.604985	220.65739628658596	3345.6957039651943	-2683.0852257807846
0.617206	211.21939844970038	3329.8610232918986	-2677.0678610461305
0.629675	202.16160393136693	3317.106530818154	-2670.6990678528755
0.642395	193.50745931608827	3301.684680886725	-2664.483373240243
0.655373	185.22339734816913	3284.5536137147947	-2658.2222848486717
0.668612	177.26922101972727	3270.819687358629	-2651.5335378866166
0.682119	169.63328998600355	3254.2023567590627	-2644.440810023857
0.695898	162.30477717632118	3236.4058149742214	-2636.9502430229686
0.709956	155.27553010855473	3221.5663258250556	-2629.132431963703
0.724298	148.5294181251937	3203.6125655310007	-2620.9030714996275
0.73893	142.06281220644436	3184.7842580641527	-2612.3934151932676
0.753857	135.85345101350552	3168.711080814279	-2603.3842361210122
0.769087	129.9059048910927	3149.38620443007	-2594.1683300869436
0.784623	124.21123630289615	3129.7156862441025	-2584.761847090887
0.800474	118.75056144080432	3112.8350789782426	-2575.0031916981097
0.816644	113.51795589607934	3092.586555076453	-2564.948469796521
0.833142	108.5088495409469	3072.3509061639365	-2554.7220733145173
0.849972	103.71356031908346	3054.6417291290513	-2544.2992796884178
0.867143	99.1151297435465	3033.524818880814	-2533.4889420256864
0.88466	94.72191994878565	3012.721412043081	-2522.704494352866
0.902531	90.5097081232705	2994.377401778341	-2511.5362441832035
0.920763	86.47840586862958	2972.5598788606817	-2500.1835005641888
0.939364	82.61990015179632	2951.3789541258384	-2488.634451279343
0.95834	78.92500010315635	2932.486322628833	-2476.8192338603503
0.9777	75.38918010318906	2910.1051278081786	-2464.8159633805635
0.997452	72.006212558049	2888.574049287034	-2452.641013783221
1.0176	68.76826282886482	2869.1967215959794	-2440.2260018813467
1.03816	65.66984332749287	2846.3315527042737	-2427.6297924438104
1.05913	62.70361605690926	2824.546628894683	-2414.745304387958
1.08053	59.86754934685157	2804.7842395734638	-2401.7632317986404
1.10235	57.1609614914321	2781.5883046535623	-2388.805341026343
1.12462	54.5643923370047	2759.6199550825386	-2375.3801533488863
1.14734	52.08090003655508	2739.5387260550438	-2361.770375225577
1.17052	49.71156194478789	2716.0783057855365	-2348.2568944816735
1.19417	47.44427135718324	2694.0209222574767	-2334.5071293036244
1.21829	45.2770210005776	2673.755539608491	-2320.5977531178064
1.2429	43.20856279301018	2650.1681161700662	-2306.73462702574
1.26801	41.226242621782255	2628.0629609674215	-2292.464650387639
1.29362	39.331871507418676	2607.5234982890693	-2278.048617183521
1.31976	37.52191514479701	2583.92492301688	-2263.5750624479447
1.34642	35.79644545605695	2561.8422123373584	-2249.207599664124
1.37362	34.144285642392276	2541.059646361823	-2234.5086437578334
1.40137	32.56559882702206	2517.6204088729455	-2219.686152135185
1.42968	31.05753146895408	2495.5751442219075	-2204.760717064464
1.45856	29.616904849797567	2474.6099697202476	-2189.722453962613
1.48802	28.244308689024272	2451.4052529482356	-2174.8400458814053
1.51808	26.92999086451459	2429.503061196123	-2159.6165051778303
1.54875	25.676038671784937	2408.455662901192	-2144.412732062293
1.58004	24.47898329118283	2385.5025256889408	-2129.159797571128
1.61196	23.33531991015859	2363.7776392325172	-2113.763886760275
1.64452	22.24561939810016	2342.747667331646	-2098.490655015559
1.67774	21.203821359257162	2320.113961297696	-2083.014991471366
1.71163	20.210587404962464	2298.6102878198562	-2067.602965946846
1.74621	19.261241086356865	2277.6110007365705	-2052.0126390002138
1.7814899999999998	18.354942201083578	2255.25428556805	-2036.3478989790026
1.81747	17.490487011460452	2233.9580641658904	-2020.658416224608
1.85419	16.665638231586527	2213.0561295318216	-2004.9634322506965
1.89165	15.87946850237559	2191.070953668007	-1989.3367981863034
1.92986	15.128859064629797	2170.0573835699006	-1973.5975183811502
1.96885	14.411934014654234	2149.2857128936207	-1957.7344651673527
2.00862	13.72793142982491	2127.6283737735143	-1941.8148858279135
2.0492	13.076288830396821	2106.927232515506	-1926.0025249708772
2.09059	12.455721114016848	2086.4876901472385	-1910.3034507484285
2.13283	11.864414626702775	2065.426680262448	-1894.7086080935637
2.17591	11.30134891559494	2045.3145177378788	-1879.2276984101784
2.21987	10.76488926686702	2025.3931575526178	-1863.8522342527701
2.26471	10.253984080716132	2005.029801074491	-1848.588124134657
2.31046	9.767282838390466	1985.5487344787512	-1833.4309277718305
2.35714	9.303627088092032	1966.19370478706	-1818.3799216781372
2.40475	8.86209869715882	1946.5322970403663	-1803.4407274643788
2.45333	8.441454242573412	1927.689132554494	-1788.6063901016134
2.50289	8.040786830046006	1908.9145000518201	-1773.8795449899865
2.55346	7.659072383722878	1889.936632462776	-1759.256915082144
2.60504	7.295558791273642	1871.7236599523537	-1744.7439644403387
2.65767	6.949246837772505	1853.5251025388761	-1730.334837638238
2.71135	6.619452820240309	1835.224534703841	-1716.0348676477201
2.76613	6.305222641779459	1817.6221294501847	-1701.8360952042215
2.82201	6.0059442421796225	1799.9970598625314	-1687.7439007639634
2.87901	5.720913947866246	1782.3450800519734	-1673.7583147682672
2.93718	5.4493263060381345	1765.3362563649464	-1659.872346294402
2.9965100000000002	5.190696193219078	1748.273600738443	-1646.0935494006453
3.05704	4.94433479225573	1731.2448001833834	-1632.417585539063
3.1188	4.7096394795480405	1714.8113572199593	-1618.8427886801505
3.1818000000000004	4.486111000043948	1698.295461076647	-1605.3719410985361
3.2460799999999996	4.27316793888228	1681.864420293011	-1592.0014207715246
3.3116600000000003	4.0703285325440035	1665.9836558470338	-1578.7320291020696
3.3785499999999997	3.877159117529773	1650.002155257146	-1565.566471747621
3.44681	3.6931077996959973	1634.1447000720916	-1552.4977611640657
3.51644	3.5178157044074334	1618.7959603832987	-1539.53072098595
3.58747	3.3508588127185455	1603.3300841403382	-1526.6643441433037
3.6599400000000006	3.1918146566586847	1588.0244208617344	-1513.8960269429513
3.73388	3.0403073603389728	1573.1837445342594	-1501.2251727331231
3.80931	2.8959987050059572	1558.2158589331175	-1488.6529344099067
3.88626	2.758546239743993	1543.4359420349679	-1476.1787795591613
3.96477	2.62760868875305	1529.0840150383444	-1463.8007104783217
4.04486	2.502895347370747	1514.5998612363048	-1451.5200033364474
4.12657	2.3840982165582933	1500.3216619791892	-1439.3348887260947
4.2099400000000005	2.2709273555273035	1486.4366907657616	-1427.2438184567702
4.29498	2.1631461701435635	1472.4186244150924	-1415.2496187865017
4.38175	2.0604664630357687	1458.618792005185	-1403.3480769585751
4.47027	1.96266391765664	1445.1830516520452	-1391.5407245893089
4.56057	1.8695119404375828	1431.6134374774356	-1379.8276802076516
4.652700000000001	1.7807756259200223	1418.2724611128483	-1368.2065859939457
4.74669	1.6962521825728443	1405.2668931209878	-1356.677783950936
4.84258	1.615739545706284	1392.128399247786	-1345.2404301834638
4.940410000000001	1.5390462584505251	1379.2246296019962	-1333.8937971717423
5.04021	1.4659978247646142	1366.6311219359116	-1322.6383736587009
5.14203	1.3964139032141398	1353.9082316326155	-1311.4724553936562
5.24591	1.3301309000216126	1341.4226504120013	-1300.3955963570938
5.3518799999999995	1.2669990739591126	1329.224048057424	-1289.4084450864636
5.460000000000001	1.2068586387041944	1316.9005606049159	-1278.508617678586
5.57029	1.1495800384531107	1304.816380915095	-1267.69787585339
5.68282	1.0950142247343113	1292.9955382194516	-1256.9731103255444
5.79762	1.04303987297859	1281.0571712256567	-1246.3352231317926
5.91474	0.9935320934680876	1269.3545415554156	-1235.7832623332777
6.03423	0.9463726653686486	1257.892293200062	-1225.3163971141992
6.15613	0.9014531320147585	1246.3280326844088	-1214.934745341278
6.280490000000001	0.85866655077179	1234.9918815729347	-1204.6376127087951
6.40737	0.8179083703585256	1223.8667658983761	-1194.4236019256382
6.536800000000001	0.7790886944530385	1212.670136026682	-1184.2937998045443
6.668849999999999	0.7421099974141944	1201.684798368026	-1174.246188328048
6.803569999999999	0.7068858383295341	1190.8859345429023	-1164.2804415542562
6.941019999999999	0.6733315919177669	1180.038952618787	-1154.3955757772458
7.081230000000001	0.641373799500849	1169.3903281025785	-1144.5927983770732
7.2242799999999985	0.6109312045520511	1158.906189956216	-1134.8698464524791
7.370230000000002	0.5819315981448759	1148.395152850151	-1125.226018480146
7.519110000000001	0.5543118726633629	1138.0690888828128	-1115.6626049225374
7.671010000000001	0.5280009306421389	1127.8886179818414	-1106.1770721922176
7.825970000000002	0.5029402161380604	1117.7004353902794	-1096.7701668625473
7.98407	0.479067553709093	1107.6831019459207	-1087.4402385782914
8.14536	0.4563285714156557	1097.7964319787898	-1078.1875252513394
8.30991	0.4346686801526079	1087.9163591912356	-1069.0111505666266
8.477769999999998	0.41403857243870174	1078.1974010985389	-1059.9114129617806
8.649040000000001	0.3943854721763678	1068.5940106780088	-1050.8859887826686
8.82376	0.3756662815348443	1059.0103100697277	-1041.9358490157795
9.00201	0.35783553722298755	1049.576686044159	-1033.0599050421788
9.18386	0.34085119402406155	1040.2479155041851	-1024.2576724155226
9.36939	0.32467245484800233	1030.9482393668125	-1015.5282644165837
9.55866	0.3092622824605438	1021.7897277988175	-1006.8718022074228
9.75176	0.2945830515137447	1012.7255595029545	-998.2870866323516
9.94876	0.2806006382464888	1003.6992597849933	-989.7739096043457
10.1497	0.26728444301329723	994.8069263394791	-981.3333363523152
10.354799999999997	0.25459411282900746	985.9961988643632	-972.9590726987602
10.563999999999998	0.24250879057440972	977.231995084715	-964.6564831047974
10.777399999999998	0.23099852761527004	968.5932823491722	-956.4242708280962
10.9951	0.22003510624504824	960.0334256653967	-948.2612813947871
11.217200000000002	0.20959190487561583	951.5235497909218	-940.1664899186711
11.443800000000001	0.19964377685065776	943.130398336968	-932.13898925894
11.674999999999999	0.19016694135280315	934.8084967853898	-924.1779789656073
11.910799999999997	0.18114258275141443	926.54340772253	-916.2860546472741
12.1515	0.172541725666953	918.3843315315518	-908.4559071211532
12.396899999999999	0.16435453990965623	910.2971925327959	-900.6966261966801
12.647400000000001	0.15655150184590624	902.2630837496063	-892.9981276234795
12.902800000000001	0.1491234733249911	894.338550775906	-885.3691073029325
13.163500000000003	0.14204415021026812	886.4715895560063	-877.8001356827934
13.429400000000001	0.13530255466143054	878.666645760452	-870.2967322769722
13.700699999999996	0.12888026337163205	870.9598858113823	-862.8557076568343
13.977500000000001	0.12276240324553196	863.3104260605606	-855.4768526300483
14.259899999999998	0.11693480006563209	855.7225398016093	-848.1599880572377
14.547900000000004	0.11138580210106339	848.2312425665638	-840.9074427138202
14.841800000000005	0.10609867527463983	840.7921892929634	-833.7140484389997
15.141600000000006	0.10106311891511882	833.4169173061279	-826.5822432154474
15.447499999999996	0.09626588679901568	826.1297140296805	-819.5096442767851
15.759600000000004	0.09169608497748585	818.8934381300747	-812.4963499398873
16.077900000000003	0.08734460990273225	811.7229974214458	-805.5446074910283
16.402700000000003	0.0831987574192055	804.635723416238	-798.6501377566173
16.734100000000005	0.07924924636152211	797.5964613831496	-791.8132012571228
17.072099999999995	0.07548824954600294	790.622809867315	-785.036014802572
17.417	0.07190500886260649	783.7283682979897	-778.3147878203295
17.7689	0.06849155454605972	776.8799175931542	-771.6498828265048
18.1278	0.06524110468605204	770.0970135917096	-765.0434444089927
18.494	0.062144498064263094	763.3900750352356	-758.4920891238011
18.8676	0.05919485070102574	756.727776712899	-751.9962340336949
19.2488	0.05638482996793833	750.1275924932089	-745.5545888168535
19.6376	0.05370887946118452	743.6025196142153	-739.1692477548537
20.0344	0.05115901486701967	737.1180837988272	-732.8357805483998
20.439099999999996	0.04873088962533225	730.6978393463263	-726.5578949062447
20.851999999999997	0.046417873749930956	724.3473714301423	-720.3329481238087
21.273199999999996	0.044214853524324756	718.0390617617086	-714.1614760397158
21.702999999999996	0.04211595601952203	711.7908586817185	-708.0411490207105
22.1414	0.04011706235613796	705.6109679852397	-701.9739904793961
22.5887	0.038212857180826024	699.4707378741596	-695.9578249918249
23.045000000000005	0.03639917699205943	693.3913803329708	-689.9932944068568
23.510499999999997	0.034671641202685954	687.376550680117	-684.0797192373936
23.985500000000002	0.033025770711213494	681.3996415363106	-678.2152775587866
24.46999999999999	0.03145833255587056	675.4831375342874	-672.4019005533785
24.964300000000005	0.02996524802951443	669.6281434884088	-666.6378591775546
25.468700000000002	0.02854271530075104	663.8099538205876	-660.9216139098446
25.983099999999997	0.027188200878125044	658.0518662149154	-655.2561426546371
26.508	0.025897703421379495	652.3517791094116	-649.6377630385948
27.043500000000005	0.024668468340724146	646.6889339569472	-644.0672996508047
27.589900000000007	0.023497408871260932	641.0819086340898	-638.5434966219393
28.147199999999998	0.02238221199502001	635.5330076229527	-633.0681451047642
28.7158	0.021319865454618534	630.0203641663262	-627.6390732899024
29.2959	0.020307918834966018	624.5627159490102	-622.256177122474
29.887700000000002	0.019344033879673657	619.1591479923394	-616.9193661536689
30.49149999999999	0.01842583189923065	613.7923986294813	-611.6276966771132
31.107500000000005	0.01755121160421803	608.4787064163119	-606.3811700508165
31.73590000000001	0.016718164161578116	603.2167362443979	-601.1797892063423
32.377	0.015924649458264543	597.9922585913569	-596.0227636572865
33.0311	0.015168743517834857	592.8185276188201	-590.9093900669382
33.6983	0.014448838065911953	587.6946923111078	-585.8405422595763
34.379099999999994	0.013762979327592444	582.6076168222719	-580.8140857431057
35.0736	0.013109726128578263	577.5702367341239	-575.8309516015702
35.78210000000001	0.012487504524235681	572.5799649416164	-570.8905951358502
36.50500000000001	0.011894745427849757	567.6267479738668	-565.991862862829
37.242399999999996	0.01133020092268971	562.7217977352724	-561.1356776625179
37.994699999999995	0.010792447507953789	557.8617761842822	-556.3209680679012
38.7623	0.010280150197604691	553.0386047129325	-551.5467797796671
39.54529999999999	0.009792235515078164	548.2620255485613	-546.8140534153358
40.3442	0.00932743128891908	543.528137867918	-542.1213098844793
41.15919999999999	0.00888471047317312	538.831704151627	-537.4689216149026
41.99069999999999	0.008462985465374323	534.1794587513449	-532.8561271291018
42.839000000000006	0.008061277300382932	529.5687500087643	-528.2827807637584
43.70440000000001	0.0076786528013179575	524.9951021746906	-523.748753750562
44.58720000000001	0.0073142221426461705	520.4647847672221	-519.2539314110709
45.488	0.006967024876160622	515.9736637765809	-514.7967472250075
46.406899999999986	0.0066363430514213215	511.51944267802037	-510.37817901316515
47.34439999999999	0.006321344529648638	507.10656252562865	-505.9972550398727
48.300799999999995	0.006021309486374663	502.7324851175953	-501.65400575291784
49.27649999999999	0.005735520949708427	498.39440812234676	-497.3480233872025
50.272	0.005463272871890962	494.09612648401145	-493.0785219827609
51.28759999999999	0.005203950415249584	489.8352125302513	-488.84562499531677
52.3236	0.004956964097163566	485.61012729911073	-484.6494432148207
53.3806	0.004721684375765352	481.4236639844022	-480.48891004248713
54.45900000000002	0.00449756258166175	477.27311577623595	-476.3638305468427
55.5591	0.004284095175217643	473.157640307945	-472.27439900559716
56.68150000000001	0.004080746002465019	469.07958431694607	-468.21971966510057
57.826499999999996	0.003887061212843927	465.0367395608088	-464.2000339576671
58.9948	0.0037025433103831207	461.0274349306659	-460.2142114965814
60.1865	0.003526813466156986	457.0553479293896	-456.2632086004684
61.402399999999986	0.0033594071305819003	453.11672103452605	-452.34565247468885
62.642699999999984	0.0031999673798734827	449.2120645948998	-448.46217337949093
63.9082	0.003048077757600371	445.3423911577913	-444.611532024847
65.1992	0.002903404815733567	441.5057661145621	-440.7940833910133
66.51640000000002	0.0027655863798997636	437.70157604801256	-437.00901075968085
67.86010000000002	0.0026343203681779065	433.93206528913436	-433.25668917076104
69.231	0.002509279853075536	430.1942951979606	-429.5363822469174
70.62950000000001	0.0023901822987460624	426.488862445905	-425.84821453686266
72.05630000000001	0.0022767336410628356	422.8166493467146	-422.1915386691276
73.5119	0.002168671414061197	419.1754703483017	-418.566269539389
74.99700000000001	0.0020657318180395045	415.56544849510027	-414.97185440752213
76.51199999999999	0.001967684814453016	411.98803668759086	-411.4084975862737
78.05769999999998	0.0018742858799479416	408.4405137474015	-407.8754794742252
79.63449999999999	0.0017853271434485434	404.9239535307044	-404.37303577242807
81.24329999999999	0.0017005831024905136	401.4385033561526	-400.9003120008091
82.88449999999999	0.0016198664241913788	397.98254258554647	-397.45758208874844
84.55889999999998	0.0015429788494181588	394.5564652143257	-394.0442860803354
86.267	0.0014697459741647941	391.161158423727	-390.6605114281798
88.00979999999998	0.0013999812908852994	387.79395528728077	-387.305386609153
89.78780000000002	0.0013335284551364947	384.4560445558905	-383.9790587657289
91.60159999999998	0.0012702339677296039	381.148004245105	-380.6814803462264
93.45199999999997	0.0012099449599200028	377.8677513569496	-377.4122601108381
95.33989999999999	0.0011525138890345257	374.61586469913783	-374.1708800488797
97.26590000000002	0.0010978099034081917	371.3928566785058	-370.9573730696293
99.23080000000003	0.00104570264097845	368.19684600194097	-367.77144902726616
101.23499999999999	0.0009960780519693187	365.02932934029786	-364.6134709023082
103.28000000000004	0.0009488012764676988	361.88932011142697	-361.4820995761203
105.36699999999999	0.000903754006478115	358.77457259482645	-358.37658356528993
107.49499999999999	0.000860868323715284	355.68871241719376	-355.2993940186274
109.66699999999997	0.0008199990939024468	352.628639929891	-352.2471861973186
111.88200000000002	0.0007810851557343546	349.59537241029517	-349.22236910596837
114.14300000000001	0.0007439979112093523	346.5869599167805	-346.22185306230983
116.44800000000004	0.0007086966695767488	343.60719028479235	-343.24924739330527
118.801	0.0006750503292325083	340.65054218895284	-340.3003486041241
121.20100000000005	0.0006430084347011425	337.72041981905033	-337.3774197166853
123.64900000000006	0.0006124932731633047	334.8166034284517	-334.48014284810563
126.14699999999995	0.0005834200169501626	331.9364498604928	-331.60709844509523
128.69500000000002	0.000555731669810758	329.0820157551819	-328.75922749484516
131.29499999999996	0.0005293521421948653	326.2520323940503	-325.93522571526444
133.94799999999995	0.0005042204741866004	323.44525221838603	-323.1349734998092
136.65400000000002	0.000480287156308974	320.66365872105143	-320.3593780266077
139.41400000000004	0.00045749517267689756	317.90703255994725	-317.6082632085531
142.23	0.00043578287123634116	315.173321167674	-314.8805144039505
145.10399999999993	0.0004150932249085105	312.4624555783152	-312.17513904624474
148.03500000000005	0.00039539283524475313	309.77619279897345	-309.4939625167694
151.02599999999998	0.00037662260369121595	307.11187603263136	-306.8351032089991
154.07600000000005	0.0003587515473617384	304.47203701324406	-304.20029311168395
157.18899999999996	0.0003417210628063848	301.85397707648593	-301.5869335861858
160.36399999999998	0.00032550346347118286	299.2587776176495	-298.9967340346797
163.604	0.00031005152241532334	296.68551498274087	-296.42808975267974
166.90899999999996	0.00029533508249088986	294.134929176473	-293.88185159811053
170.281	0.00028131620713502104	291.60578848891987	-291.3573009638553
173.72099999999998	0.0002679632377166816	289.09875699424236	-288.8545153445963
177.23	0.00025524581275453	286.61377851364756	-286.37356375670373
180.81	0.0002431315542509986	284.1498245483388	-283.9138291290336
184.46300000000008	0.000231590161501954	281.70684633250846	-281.4747618379512
188.18900000000005	0.00022059892576491502	279.285502540781	-279.0571534125777
191.99099999999993	0.00021012736890837512	276.88430582866596	-276.65984288451176
195.86899999999991	0.00020015490173637952	274.5044649236756	-274.28360947352826
199.826	0.0001906541679049702	272.1447701719714	-271.9273850882189
203.86299999999997	0.00018160427545090653	269.8051603371502	-269.5913601966745
207.9809999999999	0.00017298508754186876	267.4861706831689	-267.27570510845186
212.1829999999999	0.00016477343537569034	265.18673020295427	-264.9794931467223
216.46899999999997	0.00015695317269455417	262.9073953278135	-262.7034707243296
220.842	0.00014950336601991487	260.64761190656316	-260.4467754077435
225.3039999999999	0.00014240615310795636	258.4069622905865	-258.2091337234586
229.8550000000001	0.00013564751216395187	256.18602624765697	-255.9912644190275
234.49800000000002	0.00012920954112821055	253.984302794114	-253.79240557465772
239.23500000000004	0.00012307685662060018	251.80142300881025	-251.61233180928235
244.06799999999998	0.00011723488651746043	249.63708899323842	-249.45084283933957
248.99899999999994	0.0001116698143711151	247.49134396260317	-247.30776094843625
254.0289999999999	0.0001063695471458459	245.36430573804887	-245.18334498903346
259.161	0.00010132048013667753	243.25533223804078	-243.07701564073184
264.3959999999999	0.00009651168077706911	241.16488035861448	-240.9890436196536
269.7370000000001	0.00009193090264882406	239.09228750207296	-238.91890517076257
275.186	0.00008756746073010521	237.03742543830253	-236.8665052102117
280.7450000000001	0.00008341118179583775	235.00036518258585	-234.831759371691
286.41699999999986	0.00007945170103873498	232.98054615497128	-232.8142418787678
292.2030000000001	0.00007568054837032011	230.9782628714145	-230.81425591861043
298.105	0.00007208891264433184	228.9935824079661	-228.83174002855134
304.12800000000004	0.00006866674570269937	227.02535375941775	-226.8656728765857
310.27199999999993	0.00006540738795938195	225.0742422594015	-224.9167101138616
316.5399999999999	0.0000623027979419045	223.14002688073185	-222.9845240132044
322.9340000000001	0.00005934584736815686	221.2225866302628	-221.06911766816768
329.45799999999986	0.00005652888465845865	219.32137381394773	-219.16991924356338
336.11300000000006	0.00005384594586398214	217.4368037794684	-217.28725675945915
342.90299999999985	0.00005129013572916764	215.56823737042262	-215.42060889648184
349.83	0.00004885569490645026	213.71577196022545	-213.5700383960148
356.8970000000001	0.00004653678130989871	211.87927955799356	-211.7353452891577
364.10700000000014	0.000044327863503964036	210.05846911204344	-209.91635153415334
371.4630000000001	0.00004222369918793331	208.25322710432056	-208.11289883815473
378.96599999999995	0.00004021983179990823	206.46393815955153	-206.32531636436596
386.6220000000002	0.000038310715178859504	204.68964543544777	-204.5527549018542
394.43199999999996	0.00003649236920275404	202.93075352852955	-202.7955678579309
402.40099999999995	0.00003476006857742929	201.18675813934897	-201.0532077568277
410.53014375108813	0.000033110169244979664	199.4578748777298	-199.3259955127927
418.8235092067095	0.00003153858298608322	197.74384226423345	-197.61361943255895
427.28441390793176	0.000030041592642142134	196.0445656218025	-195.91595215071555
435.916242415458	0.00002861565749084677	194.35980412819353	-194.23286739254308
444.7224476635301	0.000027257404871563623	192.68947802529448	-192.56423996475297
453.706552341184	0.000025963622208226086	191.0334506468395	-190.90994574627078
462.87215030140806	0.00002473124941086232	189.39144755910633	-189.26986167906415
472.2229079987683	0.000023557371637786746	187.76327032773952	-187.64386575899772
481.7625659560772	0.000022439212401322357	186.14852560662374	-186.03183702659936
491.49494026068896	0.000021374127000838515	184.5462379067424	-184.43365555850062
501.42392409102644	0.00002035959626733822	182.95345971726184	-182.84920245767447
511.5534892739427	0.000019393220605115364	181.3520702018073	-181.27835984507763
521.8876878735451	0.00001847271431614893	90.04646514984064	-179.72101085080942
